0000138	0120338
0000701	0120338
0000708	0120338
0000870	0120338
0004920	0120338
0941777	0499549
0757855	0499549
0000244	0499549
0002332	0499549
0601376	0499549
0000288	0468569
0005132	0468569
0001173	0468569
0000323	0468569
0350454	0468569
0000434	0076759
0000148	0076759
0000402	0076759
0001088	0076759
0000027	0076759
0000196	0298148
0000552	0298148
0000139	0298148
0000267	0298148
0000104	0298148
0001794	0083866
0908914	0083866
0534085	0083866
0000106	0083866
0001075	0083866
0000553	0120915
0000191	0120915
0000204	0120915
0005157	0120915
0000278	0120915
0000136	0383574
0089217	0383574
0461136	0383574
0202603	0383574
0631490	0383574
0001497	0145487
0000353	0145487
0000379	0145487
0290556	0145487
0731772	0145487
0479471	1055369
1083271	1055369
0241049	1055369
0879085	1055369
0001806	1055369
0000191	0121766
0000204	0121766
0159789	0121766
0001519	0121766
0000168	0121766
0032370	0167260
0040012	0167260
0000276	0167260
0040058	0167260
0045324	0167260
0001497	0316654
0000379	0316654
0290556	0316654
0000547	0316654
0365281	0316654
0001029	0335345
0605164	0335345
0998941	0335345
1357161	0335345
0000899	0335345
0000554	0107290
0000368	0107290
0000156	0107290
0000277	0107290
0669629	0107290
0021600	0167261
0000276	0167261
0045324	0167261
1019674	0167261
0000949	0167261
0000983	0266543
0001122	0266543
1071252	0266543
0000353	0266543
0004951	0266543
0001497	0413300
0000379	0413300
0290556	0413300
0002006	0413300
0333410	0413300
0000158	0109830
0000705	0109830
0000641	0109830
0932112	0109830
0000398	0109830
0001795	0110357
0000111	0110357
0000460	0110357
0000469	0110357
0446702	0110357
0000196	0413267
0000552	0413267
0000139	0413267
0000104	0413267
0000267	0413267
0479471	0418279
1083271	0418279
0241049	0418279
0879085	0418279
1592225	0418279
0000375	0371746
0005024	0371746
0000313	0371746
0000569	0371746
0004753	0371746
0001321	0241527
0001749	0241527
0001059	0241527
1196732	0241527
0705356	0241527
0000148	0367882
0000949	0367882
0000261	0367882
0479471	0367882
0935653	0367882
0397102	0120737
0032370	0120737
0000276	0120737
1019674	0120737
0000293	0120737
0000191	0121765
0000204	0121765
0159789	0121765
0000489	0121765
0000168	0121765
0000136	0449088
0001691	0449088
0089217	0449088
0461136	0449088
0202603	0449088
0000434	0086190
0000148	0086190
0000402	0086190
0001850	0086190
0000355	0086190
0000226	0116629
0000597	0116629
0000156	0116629
0001521	0116629
0002139	0116629
0000136	0325980
0001691	0325980
0089217	0325980
0461136	0325980
0202603	0325980
0705356	0417741
0002091	0417741
0499270	0417741
2917590	0417741
0000980	0417741
0829576	1259571
1210124	1259571
1500155	1259571
0121605	1259571
2230865	1259571
0000246	0167404
0005286	0167404
0001057	0167404
0931404	0167404
0005531	0167404
0000799	1049413
0001626	1049413
2973712	1049413
0677037	1049413
0005148	1049413
0705356	0373889
0577982	0373889
2144593	0373889
2178650	0373889
0402898	0373889
1670137	0363771
1342727	0363771
0608440	0363771
0691600	0363771
0842770	0363771
0000434	0080684
0000148	0080684
0000402	0080684
0001850	0080684
0000355	0080684
0843059	0330373
0001758	0330373
0855039	0330373
0705356	0330373
0914612	0330373
0000346	0099785
0000582	0099785
0827663	0099785
0001334	0099785
0089348	0099785
0030991	0234215
0031655	0234215
1060253	0234215
1369391	0234215
0048127	0234215
0000134	0290002
0001774	0290002
0000163	0290002
0000659	0290002
0001100	0290002
0177896	1119646
1159180	1119646
0302108	1119646
0058581	1119646
0001287	1119646
0000196	0126029
0000552	0126029
0000139	0126029
0001475	0126029
0001993	0126029
0705356	0295297
0342488	0295297
0914612	0295297
0341743	0295297
0789716	0295297
0005266	0317705
0000456	0317705
0000168	0317705
0005134	0317705
0521861	0317705
0000120	0170016
0597410	0170016
0001787	0170016
0004724	0170016
0410347	0170016
0001702	0073195
0001727	0073195
0000377	0073195
0308882	0073195
0358069	0073195
1517976	0796366
0704270	0796366
0000559	0796366
0051509	0796366
0339304	0796366
0000226	0480249
0103797	0480249
2253071	0480249
0724757	0480249
2405238	0480249
0000422	0198781
0000345	0198781
0316701	0198781
0000114	0198781
0000336	0198781
0000474	0096895
0000197	0096895
0000107	0096895
0943237	0096895
0385757	0096895
0001774	0477347
0001303	0477347
0001813	0477347
0001682	0477347
0167850	0477347
0000169	0119654
0000226	0119654
0000400	0119654
0000352	0119654
0001800	0119654
0705356	0304141
0341743	0304141
0274913	0304141
0789716	0304141
0577982	0304141
0000158	0120363
0000741	0120363
0000349	0120363
0001288	0120363
0725543	0120363
0005562	0317219
0000056	0317219
0001372	0317219
1249256	0317219
0001507	0317219
0000120	0315327
0000151	0315327
0000098	0315327
0001311	0315327
0004738	0315327
0000148	0082971
0000261	0082971
0293550	0082971
0479951	0082971
0722636	0082971
0000166	0117998
0000200	0117998
0000144	0117998
0000415	0117998
0000450	0117998
0889522	0259446
0176073	0259446
1164392	0259446
1168304	0259446
0435503	0259446
0000195	0087332
0000101	0087332
0000244	0087332
0000601	0087332
0001548	0087332
0000113	0878804
0005210	0878804
2466842	0878804
2052567	0878804
2934314	0878804
0000552	0086960
0001662	0086960
0039226	0086960
0002060	0086960
0001074	0086960
0413168	0376994
0000932	0376994
0005212	0376994
0001772	0376994
0000463	0376994
0000129	0407304
0266824	0407304
0001584	0407304
0154226	0407304
0000209	0407304
0584052	0162222
0925096	0162222
0162904	0162222
0111948	0162222
0660528	0162222
0000156	0119567
0000194	0119567
0000592	0119567
0000277	0119567
0000681	0119567
0000154	0286106
0001618	0286106
0191412	0286106
1113550	0286106
0427728	0286106
0000226	0448157
0000234	0448157
0000867	0448157
2052567	0448157
0550371	0448157
0000354	0440963
0005466	0440963
0000657	0440963
0001277	0440963
0175916	0440963
0000329	0266915
0000676	0266915
0518821	0266915
0955471	0266915
0761052	0266915
0123785	0910970
2264184	0910970
0307531	0910970
0929609	0910970
3050831	0910970
0000115	0465234
0058581	0465234
1208167	0465234
0000685	0465234
0000545	0465234
0000245	0107614
0000398	0107614
0000112	0107614
0001213	0107614
0391072	0107614
0915208	0360717
0085312	0360717
0004778	0360717
0470981	0360717
0004988	0360717
0000664	0099653
0000193	0099653
0001282	0099653
0493026	0099653
0444700	0099653
0000158	0382625
0851582	0382625
0005212	0382625
0000606	0382625
0079273	0382625
0918334	0103639
0000245	0103639
0488306	0103639
0293455	0103639
0919798	0103639
0005134	0952640
0189144	0952640
0724460	0952640
0528331	0952640
0519043	0952640
0000158	0120815
0001744	0120815
0122653	0120815
0001608	0120815
0004965	0120815
0000129	0120755
0779084	0120755
0628601	0120755
0000609	0120755
0746896	0120755
0085312	0441773
0000163	0441773
0001401	0441773
0574534	0441773
0000329	0441773
0001772	0290334
0413168	0290334
0005212	0290334
0000932	0290334
0000463	0290334
0000196	0295178
0461498	0295178
0001293	0295178
0001868	0295178
0001822	0295178
0000150	0088763
0000502	0088763
0000670	0088763
0000417	0088763
0001855	0088763
0124930	0416449
0372176	0416449
0922035	0416449
0920992	0416449
0716490	0416449
1157048	1231580
0189144	1231580
0005134	1231580
0519043	1231580
1693763	1231580
0005562	0396269
0000681	0396269
0000686	0396269
1046097	0396269
0279545	0396269
0000136	0367594
0383603	0367594
0446303	0367594
0000307	0367594
0852965	0367594
0652663	0382932
0000453	0382932
0738918	0382932
0001133	0382932
0812307	0382932
0000196	0145660
0001287	0145660
0001868	0145660
0001822	0145660
0000507	0145660
0000288	0372784
0000323	0372784
0000553	0372784
0005017	0372784
0000198	0372784
0000216	0103064
0000157	0103064
0000411	0103064
0001598	0103064
0091286	0103064
0000995	0070047
0001884	0070047
0002011	0070047
0935345	0070047
0532290	0070047
0000409	0209163
0001838	0209163
0001314	0209163
0903677	0209163
0004912	0209163
0000246	0120591
0000671	0120591
0000255	0120591
0000239	0120591
0001599	0120591
0746125	0348150
0098378	0348150
0000228	0348150
0005188	0348150
0000205	0348150
0000022	0031381
0641966	0031381
0000046	0031381
0450810	0031381
0593775	0031381
0000255	0213149
0001326	0213149
0000295	0213149
0000421	0213149
0000685	0213149
0000702	0892782
0736622	0892782
0491402	0892782
0004715	0892782
0000662	0892782
0016141	0366548
0101603	0366548
0305261	0366548
1146844	0366548
0000245	0366548
0000375	0988045
0000179	0988045
1046097	0988045
0835016	0988045
0550371	0988045
0000148	0097576
0000125	0097576
0001186	0097576
0233145	0097576
0722636	0097576
1148186	1080016
0228327	1080016
1616586	1080016
0281068	1080016
1723600	1080016
0005380	0438097
0000491	0438097
0001459	0438097
0005405	0438097
0669681	0438097
0001774	0351283
0001674	0351283
0001710	0351283
0000586	0351283
0056187	0351283
0000158	0114709
0000741	0114709
0725543	0114709
0001815	0114709
0001728	0114709
0829576	1099212
1500155	1099212
0121605	1099212
0004906	1099212
0714147	1099212
0000169	0120912
0000226	0120912
0001800	0120912
0001223	0120912
0424216	0120912
0000128	0172495
0001618	0172495
0001567	0172495
0001657	0172495
0001321	0172495
0000598	0319262
0350453	0319262
0002536	0319262
0005231	0319262
0761587	0319262
0000093	0356910
0001401	0356910
0000681	0356910
0111013	0356910
0913488	0356910
0041165	0029583
0118081	0029583
0143314	0029583
0172287	0029583
0173418	0029583
0000126	0099348
0001521	0099348
0001295	0099348
0002110	0099348
0922671	0099348
0000174	0112462
0000169	0112462
0000120	0112462
0000173	0112462
0000563	0112462
0000148	0106977
0000169	0106977
0000688	0106977
0000194	0106977
0001592	0106977
0000123	0240772
0083781	0240772
0634342	0240772
0282665	0240772
1131138	0240772
0144657	0462538
0001413	0462538
0004813	0462538
0810379	0462538
0790434	0462538
0000154	0207201
0000166	0207201
0000673	0207201
0000257	0207201
0424534	0207201
0000123	0177971
0000242	0177971
0000178	0177971
0000604	0177971
0001209	0177971
0000120	0119528
0005491	0119528
0178176	0119528
0000144	0119528
0359774	0119528
0000237	0077631
0000556	0077631
0000330	0077631
0001063	0077631
0669046	0077631
0000554	0163025
0000513	0163025
0000495	0163025
0005273	0163025
0605080	0163025
0000129	0117060
0000685	0117060
0000322	0117060
0001089	0117060
0000606	0117060
0000242	0133152
0000619	0133152
0000307	0133152
0003817	0133152
0316079	0133152
0001774	0479952
0001674	0479952
0001710	0479952
0000586	0479952
0056187	0479952
0413168	0458525
0000630	0458525
0404111	0458525
1443238	0458525
1211488	0458525
0000148	0087469
0001009	0087469
0702841	0087469
0700869	0087469
0786022	0087469
0000152	0100405
0000210	0100405
0000897	0100405
0004517	0100405
0000624	0100405
0000226	0386588
0578949	0386588
0416673	0386588
0005520	0386588
1024264	0386588
0001774	1078912
0010736	1078912
0005562	1078912
0000279	1078912
0000245	1078912
0000163	0084805
0001448	0084805
0000414	0084805
0001056	0084805
0001164	0084805
0000129	0092099
0000534	0092099
0000174	0092099
0000381	0092099
0000643	0092099
0000158	0338348
0366667	0338348
0214430	0338348
0310850	0338348
0778642	0338348
0000139	0129387
0000369	0129387
0001774	0129387
0262968	0129387
0254402	0129387
0005380	0268380
0000491	0268380
0001459	0268380
0899681	0268380
0085312	0268380
0000354	0372183
0004376	0372183
0004051	0372183
0005466	0372183
0881631	0372183
0001357	0090555
0468957	0090555
0576851	0090555
0347858	0090555
0802032	0090555
0000346	0104431
0000582	0104431
0827663	0104431
0001573	0104431
0001334	0104431
0002071	0319343
0001001	0319343
0627878	0319343
0000799	0319343
0005460	0319343
0000115	0368891
1208167	0368891
0058581	0368891
0000293	0368891
0000685	0368891
0000163	0095953
0000129	0095953
0000420	0095953
0596520	0095953
0613789	0095953
0000148	0118571
0000198	0118571
0000335	0118571
0187724	0118571
0560093	0118571
0000158	0112384
0000200	0112384
0000102	0112384
0000641	0112384
0000438	0112384
0000206	0133093
0000401	0133093
0005251	0133093
0915989	0133093
0287825	0133093
0641314	0101414
0000913	0101414
0925369	0101414
0001583	0101414
0001773	0101414
0001282	0120855
0000378	0120855
0000335	0120855
0000306	0120855
0001329	0120855
0000128	0268978
0000438	0268978
0000124	0268978
0001626	0268978
0079273	0268978
0004875	0299658
0000250	0299658
0766762	0299658
0001876	0299658
0000152	0299658
0185819	0830515
1385871	0830515
0023832	0830515
0001132	0830515
0316284	0830515
0000741	0486946
0000237	0486946
0001454	0486946
0000513	0486946
0000501	0486946
0000633	0094137
0000430	0094137
0001101	0094137
0001802	0094137
0171513	0094137
0185819	0381061
1200692	0381061
0586568	0381061
0001132	0381061
0942482	0381061
0000134	0212338
0001774	0212338
0001632	0212338
0001100	0212338
0215015	0212338
0000131	1190080
0001605	1190080
0252230	1190080
0628601	1190080
0001624	1190080
0000126	0102798
0000151	0102798
0001512	0102798
0000225	0102798
0000614	0102798
0000164	0212985
0000194	0212985
0000198	0212985
0000501	0212985
0265670	0212985
0000138	0264464
0000158	0264464
0000686	0264464
0000640	0264464
0000882	0264464
0000113	1041829
0005351	1041829
0005460	1041829
0005266	1041829
0924508	1041829
0001191	0142342
0000725	0142342
0829537	0142342
0819850	0142342
0819851	0142342
0000267	0059742
0001626	0059742
0662223	0059742
0370821	0059742
0939931	0059742
0000474	0103776
0000362	0103776
0000201	0103776
0000686	0103776
0001284	0103776
0004929	0120623
0000228	0120623
0000506	0120623
0659363	0120623
0226887	0120623
0000226	0454921
1535523	0454921
0628601	0454921
0397788	0454921
0439170	0454921
0001191	0120484
0000870	0120484
0000103	0120484
0001857	0120484
0715274	0120484
0000226	0307453
0000134	0307453
0000250	0307453
0085312	0307453
0001401	0307453
0000112	0246460
0000932	0246460
0827170	0246460
0683253	0246460
0950935	0246460
0000056	0070735
0000602	0070735
0001727	0070735
0001164	0070735
0001827	0070735
0000129	0106918
0000675	0106918
0000432	0106918
0001358	0106918
0455767	0106918
0001191	0398165
0001674	0398165
0000608	0398165
0625099	0398165
1664542	0398165
0413168	0120903
0001772	0120903
0005212	0120903
0000463	0120903
0005188	0120903
0001182	0175142
0792156	0175142
0601214	0175142
0046420	0175142
0334175	0175142
0000140	0093010
0000335	0093010
0000271	0093010
0490477	0093010
0659573	0093010
0000201	0161081
0870007	0161081
0001584	0161081
0001664	0161081
0000148	0161081
0000409	0120616
0001838	0120616
0001314	0120616
0903677	0120616
0640413	0120616
0004874	1013752
0908094	1013752
0108287	1013752
0735442	1013752
0651159	1013752
0000246	0327084
0788009	0327084
0136797	0327084
0843100	0327084
0000638	0327084
0344435	0120667
0004695	0120667
0262635	0120667
0004821	0120667
0573037	0120667
0000120	0451079
0136797	0451079
0000993	0451079
0004715	0451079
0736622	0451079
0001364	0096438
0000502	0096438
0001026	0096438
0281486	0096438
0443401	0096438
0000552	0092644
0001662	0092644
0039226	0092644
0001638	0092644
0001074	0092644
0000129	0116695
0000421	0116695
0000250	0116695
0000593	0116695
0005278	0116695
0005327	0267913
0001264	0267913
0000498	0267913
0004802	0267913
0000100	0267913
0001792	0055254
0641729	0055254
0314867	0055254
0921131	0055254
0942220	0055254
0000572	1000774
0000326	1000774
0004862	1000774
0633223	1000774
0636562	1000774
0000210	0163187
0000152	0163187
0000349	0163187
0001185	0163187
0001854	0163187
0000230	0089880
0001077	0089880
0621008	0089880
0000925	0089880
0630100	0089880
0000216	0181852
0001763	0181852
0000132	0181852
0518085	0181852
0028625	0181852
0015382	1046173
0001172	1046173
0330687	1046173
0496932	1046173
1092227	1046173
0736622	0478311
0001337	0478311
0748620	0478311
0005182	0478311
0781981	0478311
0170550	0415306
0528331	0415306
2713985	0415306
1151921	0415306
2336223	0415306
0001924	0087363
0521829	0087363
0525601	0087363
0824527	0087363
0121355	0087363
0000142	1205489
1542291	1205489
3057402	1205489
3115704	1205489
0355083	1205489
0000197	0119822
0000166	0119822
0001427	0119822
0000421	0119822
0000240	0119822
0000154	0097733
0000418	0097733
0000582	0097733
0000722	0097733
0640299	0097733
0416673	1114740
1218757	1114740
1724323	1114740
2263115	1114740
0004309	1114740
0000216	0111503
0000130	0111503
0000792	0111503
0000200	0111503
0000032	0111503
0153738	0275847
0761498	0275847
0000119	0275847
0001773	0275847
0567852	0275847
0004755	0252866
0002436	0252866
0004989	0252866
0005098	0252866
0005272	0252866
0000553	0936501
1192254	0936501
0650702	0936501
0340973	0936501
0913175	0936501
0000741	0111070
0187724	0111070
0001662	0111070
0005156	0111070
0472710	0111070
0000226	0343818
0005256	0343818
0876138	0343818
0000342	0343818
0339304	0343818
0000154	0104714
0000418	0104714
0000582	0104714
0000623	0104714
0934179	0104714
0908094	0232500
0004874	0232500
0735442	0232500
0108287	0232500
0950935	0232500
0000552	0118998
0001115	0118998
0001624	0118998
0001967	0118998
0771493	0118998
1086543	0795421
0001745	0795421
0000112	0795421
1893071	0795421
0000147	0795421
0680983	0467406
0148418	0467406
0004950	0467406
0000867	0467406
0005049	0467406
0005562	0822832
0000098	0822832
0199312	0822832
0000678	0822832
0000273	0822832
0365201	0061852
0001982	0061852
0718624	0061852
0001695	0061852
0001359	0061852
1602660	0499448
1670137	0499448
1342727	0499448
0608440	0499448
0691600	0499448
0001371	0077975
0299122	0077975
0582420	0077975
0919875	0077975
0006700	0077975
0065942	0114148
0474122	0114148
0000154	0114148
0001773	0114148
0440885	0114148
0000129	0104257
0000197	0104257
0000193	0104257
0000102	0104257
0000662	0104257
2353862	1010048
0795661	1010048
0438463	1010048
0958861	1010048
1261643	1010048
0004874	0295701
0000782	0295701
0190744	0295701
0000168	0295701
0740220	0295701
0000329	0120812
0000676	0120812
0929489	0120812
0002245	0120812
0001679	0120812
0231946	0185937
0502671	0185937
0931321	0185937
0341447	0185937
0454865	0185937
0000380	0120647
0000495	0120647
0000704	0120647
0000603	0120647
0000151	0120647
0000237	0097778
0000263	0097778
0001156	0097778
0001719	0097778
0001820	0097778
0000676	0293564
0000329	0293564
0001884	0293564
0760796	0293564
0040939	0293564
0000150	0164912
0000133	0164912
0491402	0164912
0005151	0164912
0001447	0164912
0000347	0073629
0000215	0073629
0000960	0073629
0639782	0073629
0703946	0073629
0000155	0105417
0001749	0105417
0001562	0105417
0538655	0105417
0926897	0105417
0019569	0242653
1470128	0242653
0048127	0242653
0063571	0242653
0068206	0242653
0000741	0304669
0593310	0304669
0472710	0304669
0005156	0304669
0001662	0304669
0000188	0349205
0001372	0349205
0005305	0349205
0919991	0349205
0240381	0349205
0001454	0172156
0000226	0172156
0003244	0172156
0005517	0172156
0001780	0172156
0000245	0119217
0000354	0119217
0000255	0119217
0001745	0119217
0000378	0119217
0202966	0091763
0001845	0091763
0005331	0091763
0001143	0091763
0001525	0091763
0000120	1067106
0884313	1067106
0754512	1067106
2744955	1067106
2961916	1067106
0000665	0130623
0005569	0130623
0001115	0130623
0143295	0130623
0659363	0130623
0001191	0389860
0000295	0389860
0000686	0389860
0001327	0389860
0001857	0389860
0000158	0120689
0001556	0120689
0001372	0120689
0003817	0120689
0000342	0120689
0000154	0117438
0000623	0117438
0634509	0117438
0000641	0117438
0005148	0117438
0000335	0115433
0001099	0115433
0000613	0115433
0687506	0115433
0491402	0115433
0000111	0120685
0000606	0120685
0001623	0120685
0000279	0120685
0242656	0120685
0103785	0371606
0005190	0371606
0461455	0371606
0001772	0371606
0781238	0371606
0656929	0100758
0803145	0100758
0863208	0100758
0286335	0100758
0728411	0100758
0000245	0129290
0518687	0129290
0005321	0129290
0000450	0129290
0348409	0129290
0000008	0068646
0000199	0068646
0001001	0068646
0144710	0068646
0000380	0068646
0000246	0337978
0648249	0337978
0519043	0337978
0702572	0337978
0193295	0337978
0001570	0800080
0000239	0800080
0000619	0800080
0000458	0800080
0625789	0800080
0564215	0493464
0000151	0493464
0001401	0493464
0000654	0493464
0470981	0493464
0000008	0078346
0000432	0078346
0001659	0078346
0000885	0078346
0178114	0078346
0000125	0117500
0000115	0117500
0000438	0117500
0817983	0117500
0001556	0117500
0001191	0305224
0000197	0305224
0000673	0305224
0350079	0305224
0521781	0305224
0000129	0317919
0000450	0317919
0000609	0317919
0001082	0317919
1157358	0317919
0000158	0808151
0000191	0808151
0957909	0808151
0001745	0808151
0269419	0808151
0002103	0332452
0004051	0332452
0428923	0332452
0549538	0332452
0808559	0332452
0000188	0305669
0001451	0305669
0506405	0305669
0687506	0305669
0005443	0305669
0000138	0407887
0000354	0407887
0000197	0407887
0000242	0407887
0000640	0407887
0051509	0286716
0000124	0286716
0000385	0286716
0524197	0286716
0000560	0286716
0000129	0181689
0001884	0181689
0004996	0181689
0568180	0181689
0453304	0181689
0344435	0486576
0004695	0486576
0262635	0486576
0004821	0486576
0573037	0486576
0001401	0146316
0000685	0146316
0322513	0146316
0852965	0146316
0185819	0146316
0000149	0102926
0000164	0102926
0001277	0102926
0372217	0102926
0505971	0102926
0001548	0097523
0001242	0097523
0833519	0097523
0840133	0097523
0114787	0097523
0000422	0109813
0001610	0109813
0001548	0109813
0005280	0109813
0001492	0109813
0136797	0425061
0004266	0425061
0425005	0425061
0000273	0425061
0000654	0425061
0000243	0765429
0000128	0765429
0252230	0765429
0000982	0765429
1317082	0765429
0000228	0169547
0000906	0169547
0000301	0169547
0004747	0169547
0002546	0169547
0000152	0084434
0000700	0084434
0001418	0084434
0005162	0084434
0089408	0084434
0000154	0122151
0000418	0122151
0000582	0122151
0000623	0122151
0001674	0122151
0000552	0117218
0000586	0117218
0000336	0117218
0588777	0117218
0152638	0117218
0915208	0298130
0376540	0298130
0233562	0298130
0004051	0298130
0000737	0298130
0056187	0443453
0205772	0443453
0132685	0443453
0000377	0075860
0000076	0075860
0000414	0075860
0227039	0075860
0000837	0075860
0000716	0358082
0000932	0358082
0088520	0358082
0103537	0358082
0000980	0358082
0000552	0094898
0002119	0094898
0000469	0094898
0025309	0094898
0801672	0094898
0000334	0190332
0000706	0190332
0955471	0190332
0151654	0190332
0485950	0190332
0000230	0089927
0001735	0089927
0949350	0089927
0001835	0089927
0000557	0089927
0010736	0461770
0001131	0461770
0005188	0461770
0001758	0461770
0579953	0461770
0000949	0421715
0000566	0421715
0150330	0421715
0000480	0421715
1251245	0421715
0000702	0256415
0524197	0256415
0001131	0256415
0000298	0256415
0005316	0256415
0000120	0109686
0001099	0109686
0000452	0109686
0823563	0109686
0240565	0109686
0908094	0322259
0879085	0322259
0578949	0322259
0369513	0322259
0524839	0322259
0000112	0143145
0000521	0143145
0001015	0143145
0000612	0143145
0001059	0143145
0000210	0119738
0000551	0119738
0000139	0119738
0000391	0119738
0097842	0119738
0000608	0076729
0000398	0076729
0715274	0076729
0377947	0076729
0931437	0076729
0000158	0108160
0539678	0108160
0001854	0108160
0001255	0108160
0268356	0108160
0000632	0389790
0000250	0389790
0000111	0389790
0911320	0389790
0000422	0389790
0001191	0280590
0000213	0280590
0001806	0280590
0184445	0280590
0001251	0280590
0000120	0120382
0001473	0120382
0001187	0120382
0001523	0120382
0852466	0120382
0000210	0195685
0109773	0195685
0225767	0195685
0001215	0195685
0735538	0195685
0000093	0349903
0001876	0349903
0000123	0349903
1169136	0349903
0000210	0349903
0000112	0120347
0000596	0120347
0000706	0120347
0000159	0120347
0419633	0120347
0000288	0438488
0941777	0438488
1291227	0438488
0000307	0438488
0947338	0438488
0000139	0160127
0000106	0160127
0005154	0160127
0000195	0160127
0005377	0160127
0352778	0844471
0267506	0844471
0001001	0844471
1676221	0844471
0132257	0844471
0000658	0458352
0004266	0458352
1289434	0458352
0001804	0458352
0048932	0458352
0000197	0337741
0000473	0337741
0000206	0337741
0000531	0337741
0001605	0337741
0001125	0181865
0889846	0181865
0154530	0181865
0005398	0181865
0587401	0181865
0000345	0101587
0827663	0101587
0456124	0101587
0923210	0101587
0000644	0101587
0000245	0115685
0000432	0115685
0001447	0115685
0001848	0115685
0001246	0115685
0000245	0093105
0001845	0093105
0870918	0093105
0837701	0093105
0456124	0093105
0000552	0144528
0001390	0144528
0588777	0144528
0018099	0144528
0304579	0144528
0000230	0084602
0001735	0084602
0949350	0084602
0001835	0084602
0580565	0084602
0000148	0109444
0000353	0109444
0000271	0109444
0206862	0109444
0001089	0109444
0000126	0103855
0001365	0103855
0447290	0103855
0167850	0103855
0906627	0103855
0000196	0105793
0001022	0105793
0000507	0105793
0000119	0105793
0236519	0105793
0000354	0258463
0004376	0258463
0177933	0258463
0654110	0258463
0004051	0258463
1706767	0829482
0148418	0829482
2395586	0829482
0352778	0829482
0736622	0829482
0000206	0111257
0000454	0111257
0000113	0111257
0608012	0111257
0001099	0111257
0001191	0343660
0000106	0343660
0001705	0343660
0000276	0343660
0835363	0343660
0000125	0099810
0000285	0099810
0001277	0099810
0000554	0099810
0000469	0099810
0001208	0120762
0001213	0120762
0791467	0120762
0004931	0120762
0393222	0120762
0000093	0361748
0491259	0361748
0910607	0361748
0744834	0361748
1055413	0361748
0567184	0329575
0000313	0329575
0640476	0329575
0177933	0329575
0258117	0329575
0000681	0369436
0000702	0369436
0000380	0369436
0000651	0369436
0000685	0369436
0413168	0338526
0000295	0338526
0746896	0338526
0920992	0338526
0378175	0338526
0000120	0110475
0726200	0110475
0338886	0110475
0001865	0110475
0420732	0110475
0001191	0762107
0416673	0762107
0004754	0762107
0000101	0762107
0000609	0762107
0000163	0102057
0000245	0102057
0000210	0102057
0001364	0102057
0001749	0102057
0001618	0358273
0000702	0358273
0329481	0358273
0001598	0358273
1316767	0358273
0001476	0071230
0000698	0071230
0001620	0071230
0466327	0071230
0001404	0071230
0631490	0436339
0005377	0436339
0004715	0436339
0269463	0436339
0302108	0436339
0000216	0100802
0001797	0100802
0000232	0100802
0001074	0100802
0000461	0100802
0000031	0082846
0000020	0082846
0000404	0082846
0571630	0082846
0001056	0082846
0000255	0361596
0005567	0361596
0124133	0361596
0048195	0361596
1375153	0361596
0000237	0427327
0000201	0427327
0000686	0427327
0004789	0427327
0005188	0427327
0000681	0452594
0000098	0452594
0000725	0452594
0369513	0452594
0269463	0452594
0000120	0339291
0014582	0339291
0115161	0339291
1495616	0339291
1492999	0339291
0000150	0096874
0000502	0096874
0000670	0096874
0001855	0096874
0000223	0096874
0000255	0164184
0000151	0164184
0000342	0164184
0420898	0164184
0000630	0164184
0002071	0445934
1417647	0445934
0004715	0445934
0688132	0445934
0278979	0445934
0000140	0103772
0000232	0103772
0001169	0103772
0000675	0103772
0036127	0103772
0001454	0208003
0000505	0208003
0316079	0208003
0913465	0208003
0005024	0208003
0000246	0099423
0000889	0099423
0040472	0099423
0006669	0099423
0001817	0099423
0000230	0075148
0001735	0075148
0949350	0075148
0001835	0075148
0580565	0075148
0000093	0496806
0000123	0496806
0000354	0496806
0544067	0496806
0001285	0496806
0000169	0150377
0000171	0150377
0918573	0150377
0106319	0150377
0339304	0150377
0004896	0298203
0000107	0298203
0001616	0298203
0005261	0298203
0428055	0298203
0000168	0257076
0268199	0257076
0735442	0257076
0005112	0257076
0001038	0257076
0000210	0125439
0000424	0125439
0564500	0125439
0406975	0125439
0237834	0125439
0000537	0072308
0000056	0072308
0000034	0072308
0001159	0072308
0000001	0072308
1668265	0259324
0018161	0259324
0191442	0259324
0001228	0259324
0000115	0259324
0000158	0128853
0000212	0128853
0756218	0128853
0001427	0128853
0000205	0128853
0000243	0210945
0001599	0210945
0365445	0210945
0403652	0210945
0265668	0210945
1663205	1136608
2271261	1136608
1410076	1136608
0834501	1136608
3522550	1136608
0001552	0091326
0001494	0091326
0425944	0091326
0540330	0091326
0808083	0091326
0000377	0069704
0000165	0069704
0494432	0069704
0001747	0069704
0930286	0069704
0000158	0094737
0001610	0094737
0005162	0094737
0001334	0094737
0750758	0094737
0000681	0364725
0852132	0364725
0001774	0364725
0001800	0364725
0519043	0364725
0397171	0368447
0001618	0368447
0004778	0368447
0000458	0368447
0000244	0368447
0000237	0397892
1415323	0397892
0261435	0397892
0910559	0397892
0000532	0397892
0000226	0120891
0000177	0120891
0000110	0120891
0000161	0120891
0001826	0120891
0001378	0101272
0000471	0101272
0000502	0101272
0933361	0101272
0000207	0101272
0000154	0187393
0005132	0187393
0000613	0187393
0005042	0187393
0177933	0187393
0004874	0395699
0334179	0395699
0004933	0395699
0811242	0395699
1302735	0395699
0000552	0240462
0933723	0240462
0712368	0240462
0695497	0240462
0178580	0240462
0000104	0227538
0001303	0227538
0891786	0227538
0754512	0227538
0001086	0227538
0000195	0097428
0000101	0097428
0000244	0097428
0000601	0097428
0001548	0097428
0000237	0119094
0000115	0119094
0000260	0119094
0005273	0119094
0000153	0119094
0077720	0073486
0110480	0073486
0111954	0073486
0113000	0073486
0001079	0073486
0000216	0096320
0000362	0096320
0000593	0096320
0916050	0096320
0058783	0096320
0000104	0338459
0001303	0338459
0891786	0338459
0754512	0338459
0001544	0338459
0001725	0059113
0001046	0059113
0001036	0059113
0001768	0059113
0000027	0059113
0000226	0120660
0000432	0120660
0000685	0120660
0000956	0120660
0005093	0120660
0913822	0325710
0000129	0325710
0040472	0325710
0511349	0325710
1491148	0325710
0434854	0942385
0000375	0942385
0749570	0942385
0085312	0942385
0059431	0942385
0000120	0369441
0000495	0369441
0000285	0369441
0420955	0369441
0004990	0369441
0000130	0322330
0517820	0322330
0001319	0322330
0332390	0322330
0614877	0322330
0001264	0391198
0004736	0391198
0544611	0391198
0245112	0391198
0834380	0391198
0000097	0306047
0000189	0306047
0256988	0306047
0000221	0306047
0005350	0306047
0001191	0960731
0005392	0960731
0001602	0960731
1258970	0960731
0341743	0960731
0041281	0097757
0055549	0097757
0072533	0097757
0140946	0097757
0250252	0097757
0000638	0092007
0000559	0092007
0001420	0092007
0001150	0092007
0001786	0092007
0001357	0092493
0468957	0092493
0576851	0092493
0227669	0092493
0705234	0092493
0136797	0405422
0001416	0405422
0748620	0405422
0539082	0405422
0736622	0405422
0000681	1078940
0000867	1078940
0522324	1078940
0269463	1078940
0015196	1078940
0000190	0117913
0000113	0117913
0000168	0117913
0000228	0117913
0001624	0117913
0001326	0265086
0000191	0265086
0001744	0265086
0051509	0265086
0001209	0265086
0000511	0086425
0000700	0086425
0000197	0086425
0000362	0086425
0001099	0086425
0000120	0112281
0573862	0112281
0001003	0112281
0264330	0112281
0348409	0112281
0000267	0247638
0004266	0247638
0001185	0247638
0000525	0247638
0601553	0247638
0000432	0081573
0001659	0081573
0000885	0081573
0178114	0081573
0235243	0081573
0000237	0110912
0000168	0110912
0000619	0110912
0001625	0110912
0000655	0110912
2209370	1179904
2913790	1179904
2104166	1179904
2910808	1179904
2032098	1179904
0015196	0409459
0001082	0409459
0328828	0409459
0355097	0409459
0604747	0409459
0000158	0104694
0000133	0104694
0000187	0104694
0001614	0104694
0001484	0104694
0000216	0118688
0000123	0118688
0000563	0118688
0000235	0118688
0000224	0118688
0000113	0212346
0000323	0212346
0000973	0212346
0000298	0212346
0000638	0212346
0200057	0120630
0272521	0120630
0000154	0120630
0371304	0120630
0001363	0120630
0000134	0122933
0000345	0122933
0001435	0122933
0001590	0122933
0636946	0122933
0000112	0113189
0000293	0113189
0001713	0113189
0000463	0113189
0000833	0113189
0000602	0107211
0000193	0107211
0000437	0107211
0001025	0107211
0001624	0107211
0000151	0097239
0001788	0097239
0000101	0097239
0526985	0097239
0738354	0097239
0532298	0066011
0641939	0066011
0549134	0066011
0001537	0066011
0638812	0066011
0000163	0079417
0000658	0079417
0000737	0079417
0377888	0079417
0003318	0079417
0000242	0317740
0000234	0317740
0000661	0317740
0005458	0317740
0001293	0317740
0000142	0077523
0516800	0077523
0507212	0077523
0000350	0077523
0055812	0077523
0005028	0251127
0000190	0251127
1063517	0251127
0661755	0251127
0004965	0251127
0597517	0084522
0380628	0084522
0461129	0084522
0934059	0084522
0642429	0084522
0000541	0116313
0000443	0116313
0000473	0116313
0001749	0116313
0000445	0116313
0000093	0110148
0000225	0110148
0566114	0110148
0566279	0110148
0000129	0110148
0000409	0119190
0005182	0119190
0002006	0119190
0000092	0119190
0745780	0119190
0000237	0117333
0001718	0117333
0001845	0117333
0000380	0117333
0218810	0117333
0000658	1230414
0000188	1230414
0000285	1230414
1024677	1230414
1128572	1230414
0000843	0061722
0000163	0061722
0001684	0061722
0200122	0061722
0358069	0061722
0004755	0328828
0005405	0328828
0004989	0328828
0858776	0328828
0005272	0328828
0000552	0317303
0307531	0317303
0001872	0317303
0005093	0317303
0005265	0317303
0000158	0257044
0388382	0257044
1005576	0257044
0000056	0257044
0014582	0257044
0000886	0099422
0001432	0099422
0640817	0099422
0929197	0099422
0253136	0099422
0004937	0443489
0461498	0443489
0000552	0443489
0000418	0443489
1617685	0443489
0000404	0080319
0005499	0080319
0000573	0080319
0001056	0080319
0001330	0080319
0000274	0117571
0000117	0117571
0001073	0117571
0000240	0117571
0000535	0117571
0001702	0077766
0308882	0077766
0358069	0077766
0556217	0077766
0469552	0077766
0017013	0034492
0018755	0034492
1027883	0034492
0066951	0034492
1028218	0034492
0000237	0144214
0000656	0144214
0000342	0144214
0000459	0144214
0005462	0144214
0000138	0338751
0000949	0338751
0000295	0338751
0000604	0338751
0000285	0338751
0000255	0287978
0004950	0287978
0268199	0287978
0003817	0287978
0269463	0287978
0000142	0107206
0000518	0107206
0000623	0107206
0001518	0107206
0170550	0107206
0000056	0064115
0000602	0064115
0001684	0064115
0001510	0064115
0428216	0064115
0000267	0058331
0001813	0058331
0866835	0058331
0424318	0058331
0045968	0058331
0000409	0859163
0001472	0859163
0004742	0859163
0001314	0859163
0000706	0859163
0004755	0163651
0005098	0163651
0005272	0163651
0004989	0163651
0002436	0163651
0000409	0373051
1242688	0373051
1715194	0373051
1024878	0373051
1022023	0373051
0000115	0187078
0000610	0187078
0001401	0187078
0189278	0187078
0005406	0187078
0000154	0110478
0000149	0110478
0001258	0110478
0001295	0110478
0000547	0110478
0000210	0102945
0000920	0102945
0000754	0102945
0492746	0102945
0001717	0102945
0000698	0081562
0001640	0081562
0113617	0081562
0001851	0081562
0840822	0081562
0000274	0120082
0000117	0120082
0001073	0120082
0001264	0120082
0005085	0120082
0000216	0116213
0001001	0116213
0001853	0116213
0000336	0116213
0665123	0116213
0000174	0120794
0000146	0120794
0000201	0120794
0000113	0120794
0000156	0120794
0000142	0105695
0000432	0105695
0000151	0105695
0001321	0105695
0941316	0105695
0479471	1059786
1157358	1059786
0206257	1059786
0004821	1059786
1107001	1059786
0000115	0118880
0000131	0118880
0000518	0118880
0000609	0118880
0157915	0118880
0000136	0162661
0000207	0162661
0001669	0162661
0002091	0162661
0000680	0162661
0540441	0118884
0001556	0118884
0000149	0118884
0086553	0118884
0001209	0118884
0000210	0107798
0000243	0107798
0001731	0107798
0001334	0107798
0001282	0107798
0000139	0305357
0000106	0305357
0005154	0305357
0005170	0305357
0000417	0305357
0000129	0259711
0004851	0259711
0000139	0259711
0000621	0259711
0005134	0259711
0005450	0134067
0000155	0134067
0197354	0134067
0004815	0134067
0815718	0134067
0000044	0065377
0001509	0065377
0781029	0065377
0000302	0065377
0001421	0065377
0002071	0838283
0000604	0838283
0005460	0838283
0420955	0838283
0004395	0838283
0000196	0312528
0000285	0312528
0000593	0312528
0266824	0312528
0107748	0312528
0000142	0405159
0005476	0405159
0000151	0405159
0059431	0405159
1591496	0405159
0741242	0780521
0004797	0780521
0202966	0780521
1496365	0780521
2278607	0780521
0503140	0112642
0904153	0112642
0669326	0112642
0001550	0112642
0001385	0112642
0136797	0413099
0000151	0413099
0334179	0413099
2215447	0413099
1775177	0413099
0001691	0138097
0929489	0138097
0640838	0138097
0573406	0138097
0001212	0138097
0000245	0113497
0404993	0113497
0000379	0113497
0682300	0113497
0001372	0113497
0000093	0114369
0000151	0114369
0000569	0114369
0000388	0114369
0001825	0114369
0004517	0116583
0074834	0116583
0123553	0116583
0191906	0116583
0265067	0116583
0000188	0098067
0005460	0098067
0001848	0098067
0001673	0098067
0001548	0098067
0001191	0960144
0001806	0960144
0004825	0960144
0841910	0960144
0443577	0960144
0000246	0112864
0000460	0112864
0000168	0112864
0001295	0112864
0131974	0112864
0000129	0369339
0004937	0369339
0000586	0369339
0749263	0369339
0000916	0369339
