0000116	0120338
0000116	0499549
0634240	0468569
0000184	0076759
0011470	0298148
0000229	0083866
0000184	0120915
0893659	0383574
0000600	0145487
0000881	1055369
0000184	0121766
0001392	0167260
0000600	0316654
0000154	0335345
0000229	0107290
0001392	0167261
0004056	0266543
0000600	0413300
0000709	0109830
0021249	0110357
0588087	0413267
0000881	0418279
0269463	0371746
0001060	0241527
0000229	0367882
0001392	0120737
0000184	0121765
0893659	0449088
0549658	0086190
0000386	0116629
0893659	0325980
0946734	0417741
0919363	1259571
0796117	0167404
0230032	1049413
0946734	0373889
0011470	0363771
0449984	0080684
0001565	0330373
0001060	0099785
0905152	0234215
0005366	0290002
0680846	1119646
0011470	0126029
0001060	0295297
0083348	0317705
0000165	0170016
0000229	0073195
0009190	0796366
1349376	0480249
0230032	0198781
0000318	0096895
0506613	0477347
0001756	0119654
0190859	0304141
0005124	0120363
0005124	0317219
0001723	0315327
0000229	0082971
0000957	0117998
0959034	0259446
0718645	0087332
0359387	0878804
0000976	0086960
0711840	0376994
0000229	0407304
0000709	0162222
0000229	0119567
0796117	0286106
0000916	0448157
0339030	0440963
0711840	0266915
0004056	0910970
0005509	0465234
0001060	0107614
0001392	0360717
0958387	0099653
0000165	0382625
0166256	0103639
0384722	0952640
0000229	0120815
0000247	0120755
0651706	0441773
0001741	0290334
0005366	0295178
0000709	0088763
0811583	0416449
0858525	1231580
0229694	0396269
0000318	0367594
0083348	0382932
0005366	0145660
0634240	0372784
0000116	0103064
0001243	0070047
0814085	0209163
0000881	0120591
0001741	0348150
0281808	0031381
0000881	0213149
1224299	0892782
0004306	0366548
0005363	0988045
0000229	0097576
0757858	1080016
0757858	0438097
0201509	0351283
0005124	0114709
0362566	1099212
0001756	0120912
0000631	0172495
0000386	0319262
0510731	0356910
0359457	0029583
0000126	0099348
0001708	0112462
0001112	0106977
0001752	0240772
0798899	0462538
0583600	0207201
0000583	0177971
0001723	0119528
0459170	0077631
0002653	0163025
0000361	0117060
0000318	0133152
0201509	0479952
0004303	0458525
0000229	0087469
0005190	0100405
0855035	0386588
0506613	1078912
0001628	0084805
0001716	0092099
0000709	0338348
0268370	0129387
0917188	0268380
0339030	0372183
0265363	0090555
0001060	0104431
0269463	0319343
0005509	0368891
0001469	0095953
0000583	0118571
0000165	0112384
0905152	0133093
0873779	0101414
0118333	0120855
0000165	0268978
0551128	0299658
0286975	0830515
0065608	0486946
0000559	0094137
0132709	0381061
0005366	0212338
0000386	1190080
0721817	0102798
0000631	0212985
0000229	0264464
0281945	1041829
0240797	0142342
0936404	0059742
0000318	0103776
0005124	0120623
0610831	0454921
0178997	0120484
0074426	0307453
0848414	0246460
0001351	0070735
0001628	0106918
0781842	0398165
0001741	0120903
0005540	0175142
0001490	0093010
0000709	0161081
0814085	0120616
0510912	1013752
0426333	0327084
1103162	0120667
0371755	0451079
0000709	0096438
0001716	0092644
0001081	0116695
0331532	0267913
0314671	0055254
0455078	1000774
0005190	0163187
0181902	0089880
0609236	0181852
0814085	1046173
0031976	0478311
0570912	0415306
0001102	0087363
0000142	1205489
0000985	0119822
0001149	0097733
0139867	1114740
0000116	0111503
0213450	0275847
0736930	0252866
0603628	0936501
0664756	0111070
0001639	0343818
0001149	0104714
0003418	0232500
0858525	0118998
1630273	0795421
0718646	0467406
0291205	0822832
0718627	0061852
0011470	0499448
0000484	0077975
0300265	0114148
0001661	0104257
0000965	1010048
0003418	0295701
0711840	0120812
0617130	0185937
0001460	0120647
0002132	0097778
0711840	0293564
0591450	0164912
0788940	0073629
0001915	0105417
0905152	0242653
0501185	0304669
0506613	0349205
0000881	0172156
0001814	0119217
0000231	0091763
0000709	1067106
0500343	0130623
0178997	0389860
0001104	0120689
0000165	0117438
0378893	0115433
0000386	0120685
0227540	0371606
0006625	0100758
0001723	0129290
0000338	0068646
0936482	0337978
0504642	0800080
0067457	0493464
0001149	0078346
0000881	0117500
0781842	0305224
0009190	0317919
0000165	0808151
0000583	0332452
0788202	0305669
0000217	0407887
0000487	0286716
0000229	0181689
1103162	0486576
0922346	0146316
0001129	0102926
0002653	0097523
0505152	0109813
0781842	0425061
0000631	0765429
0005222	0169547
0000431	0084434
0001149	0122151
0001723	0117218
0893659	0298130
0153078	0443453
0000229	0075860
0917188	0358082
0000484	0094898
0000487	0190332
0000230	0089927
0510674	0461770
0000399	0421715
0855035	0256415
0268380	0109686
0005436	0322259
0000776	0143145
0389591	0119738
0624102	0076729
0001188	0108160
0382769	0389790
0109359	0280590
0001837	0120382
0001752	0195685
0001752	0349903
0006854	0120347
0629334	0438488
0629334	0160127
0520488	0844471
0291205	0458352
0583600	0337741
0001752	0181865
0881038	0101587
0001566	0115685
0001469	0093105
0781842	0144528
0000230	0084602
0637518	0109444
0413875	0103855
0790715	0105793
0510731	0258463
0609549	0829482
0000957	0111257
0781842	0343660
0001532	0099810
0051643	0120762
0000233	0361748
0002657	0329575
1164861	0369436
0814085	0338526
0751080	0110475
0240797	0762107
0000229	0102057
0003506	0358273
0000316	0071230
0947087	0436339
0000682	0100802
0753073	0082846
0601619	0361596
0788202	0427327
0715636	0452594
0797869	0339291
0000709	0096874
0004675	0164184
0330347	0445934
0000682	0103772
0331532	0208003
0001317	0099423
0000814	0075148
0001752	0496806
0000915	0150377
0000436	0298203
0424800	0257076
0585011	0125439
0347086	0072308
0425756	0259324
0001188	0128853
0945026	0210945
0088955	1136608
0000814	0091326
0000184	0069704
0001508	0094737
1098493	0364725
0796117	0368447
0397174	0397892
0001756	0120891
0001756	0101272
0000386	0187393
0788202	0395699
0139867	0240462
0001675	0227538
0718645	0097428
0000247	0119094
0001232	0073486
0718645	0096320
0001675	0338459
0000180	0059113
0001716	0120660
0001880	0325710
0001774	0942385
0661751	0369441
0914134	0322330
1234345	0391198
0001878	0306047
0788202	0960731
0166256	0097757
0000559	0092007
0180257	0092493
0031976	0405422
0082526	1078940
0001708	0117913
0000631	0265086
0000985	0086425
0644203	0112281
0005190	0247638
0504513	0081573
0000233	0110912
2305431	1179904
0811583	0409459
0001508	0104694
0001708	0118688
0677953	0212346
0520485	0120630
0000601	0122933
0132709	0113189
0001490	0107211
0000915	0097239
0002137	0066011
0000914	0079417
0336620	0317740
0267309	0077523
0677953	0251127
0163706	0084522
0933505	0116313
0001403	0110148
0918873	0119190
0005509	0117333
0583600	1230414
0001566	0061722
0245888	0328828
0139867	0317303
0005222	0257044
0000886	0099422
0174374	0443489
0383359	0080319
0000127	0117571
0844358	0077766
0359457	0034492
0922346	0144214
0000217	0338751
0425756	0287978
0000583	0107206
0001351	0064115
0829038	0058331
0003418	0859163
0919369	0163651
0108094	0373051
0784061	0187078
0001149	0110478
0747849	0102945
0001627	0081562
0000127	0120082
0751080	0116213
0152312	0120794
0000142	0105695
0142286	1059786
0922346	0118880
0000318	0162661
0000709	0118884
0001587	0107798
0629334	0305357
0001081	0259711
0468335	0134067
0780833	0065377
0570912	0838283
0919514	0312528
0000142	0405159
0166256	0780521
0797869	0112642
0001723	0413099
0006960	0138097
0002653	0113497
0000399	0114369
0873779	0116583
0000165	0098067
0240797	0960144
0001532	0112864
0000520	0369339
