0120338	0000116	BEST-DIRECTOR	1998
0120338	0000116	BEST-PICTURE	1998
0120338	0484457	BEST-PICTURE	1998
0468569	0005132	BEST-SUPPORTING-ACTOR	2009
0167260	0001392	BEST-DIRECTOR	2004
0167260	0651614	BEST-PICTURE	2004
0167260	0001392	BEST-PICTURE	2004
0167260	0909638	BEST-PICTURE	2004
0109830	0000158	BEST-ACTOR	1995
0109830	0000709	BEST-DIRECTOR	1995
0109830	0277704	BEST-PICTURE	1995
0109830	0823330	BEST-PICTURE	1995
0109830	0005494	BEST-PICTURE	1995
0099653	0000155	BEST-SUPPORTING-ACTRESS	1991
0120815	0000229	BEST-DIRECTOR	1999
0031381	0000046	BEST-ACTRESS	1940
0031381	0567408	BEST-SUPPORTING-ACTRESS	1940
0031381	0281808	BEST-DIRECTOR	1940
0172495	0000128	BEST-ACTOR	2001
0172495	0926824	BEST-PICTURE	2001
0172495	0291905	BEST-PICTURE	2001
0172495	0527322	BEST-PICTURE	2001
0099348	0000126	BEST-DIRECTOR	1991
0099348	0933604	BEST-PICTURE	1991
0099348	0000126	BEST-PICTURE	1991
0106977	0000169	BEST-SUPPORTING-ACTOR	1994
0084805	0001448	BEST-SUPPORTING-ACTRESS	1983
0095953	0000163	BEST-ACTOR	1989
0095953	0001469	BEST-DIRECTOR	1989
0095953	0425741	BEST-PICTURE	1989
0268978	0000124	BEST-SUPPORTING-ACTRESS	2002
0268978	0000165	BEST-DIRECTOR	2002
0268978	0004976	BEST-PICTURE	2002
0268978	0000165	BEST-PICTURE	2002
0299658	0001876	BEST-SUPPORTING-ACTRESS	2003
0299658	0724237	BEST-PICTURE	2003
0059742	0936404	BEST-DIRECTOR	1966
0059742	0936404	BEST-PICTURE	1966
0070735	0001351	BEST-DIRECTOR	1974
0070735	0082300	BEST-PICTURE	1974
0070735	0680635	BEST-PICTURE	1974
0070735	0680539	BEST-PICTURE	1974
0116695	0000421	BEST-SUPPORTING-ACTOR	1997
0119822	0000197	BEST-ACTOR	1998
0119822	0000166	BEST-ACTRESS	1998
1010048	0000965	BEST-DIRECTOR	2009
1010048	0006246	BEST-PICTURE	2009
1010048	0006246	BEST-PICTURE	2009
1010048	0347899	BEST-PICTURE	2009
1010048	1384503	BEST-PICTURE	2009
0119217	0000245	BEST-SUPPORTING-ACTOR	1998
0091763	0000231	BEST-DIRECTOR	1987
0091763	0465745	BEST-PICTURE	1987
0068646	0000008	BEST-ACTOR	1973
0068646	0514693	BEST-ACTOR	1973
0068646	0748665	BEST-PICTURE	1973
0407887	0000217	BEST-DIRECTOR	2007
0407887	0454752	BEST-PICTURE	2007
0102926	0000164	BEST-ACTOR	1992
0102926	0000149	BEST-ACTRESS	1992
0102926	0001129	BEST-DIRECTOR	1992
0102926	0768324	BEST-PICTURE	1992
0102926	0882588	BEST-PICTURE	1992
0102926	0102508	BEST-PICTURE	1992
0169547	0000228	BEST-ACTOR	2000
0169547	0005222	BEST-DIRECTOR	2000
0169547	0169260	BEST-PICTURE	2000
0169547	0423134	BEST-PICTURE	2000
0084434	0001283	BEST-SUPPORTING-ACTOR	1983
0195685	0000210	BEST-ACTRESS	2001
0181865	0001125	BEST-SUPPORTING-ACTOR	2001
0181865	0001752	BEST-DIRECTOR	2001
0101587	0001588	BEST-SUPPORTING-ACTOR	1992
0358273	0000702	BEST-ACTRESS	2006
0082846	0000020	BEST-ACTOR	1982
0082846	0000404	BEST-ACTOR	1982
0082846	0000031	BEST-ACTRESS	1982
0082846	0000685	BEST-ACTRESS	1982
0075148	0000814	BEST-DIRECTOR	1977
0075148	0005563	BEST-PICTURE	1977
0075148	0153590	BEST-PICTURE	1977
0073486	0000197	BEST-ACTOR	1976
0073486	0001221	BEST-ACTRESS	1976
0073486	0001232	BEST-DIRECTOR	1976
0073486	0951763	BEST-PICTURE	1976
0073486	0000140	BEST-PICTURE	1976
0086425	0000197	BEST-SUPPORTING-ACTOR	1984
0086425	0000511	BEST-ACTRESS	1984
0086425	0000985	BEST-DIRECTOR	1984
0086425	0000985	BEST-PICTURE	1984
0097239	0001788	BEST-ACTRESS	1990
0097239	0122675	BEST-ACTRESS	1990
0097239	0005573	BEST-PICTURE	1990
0097239	0005572	BEST-PICTURE	1990
0079417	0000163	BEST-ACTOR	1980
0079417	0000658	BEST-SUPPORTING-ACTRESS	1980
0079417	0000914	BEST-DIRECTOR	1980
0079417	0415494	BEST-PICTURE	1980
0061722	0001566	BEST-DIRECTOR	1968
0443489	1617685	BEST-SUPPORTING-ACTRESS	2007
0338751	0000949	BEST-SUPPORTING-ACTRESS	2005
0064115	0000820	BEST-PICTURE	1970
0058331	0000267	BEST-ACTRESS	1965
0105695	0000432	BEST-SUPPORTING-ACTOR	1993
0105695	0000142	BEST-DIRECTOR	1993
0105695	0000142	BEST-PICTURE	1993
0065377	0371040	BEST-SUPPORTING-ACTRESS	1971
0065377	0751426	BEST-SUPPORTING-ACTRESS	1971
0405159	0000142	BEST-DIRECTOR	2005
0405159	0000142	BEST-PICTURE	2005
0405159	0748665	BEST-PICTURE	2005
0405159	0742347	BEST-PICTURE	2005
0405159	0000151	BEST-SUPPORTING-ACTOR	2005
0405159	0005476	BEST-ACTRESS	2005
0138097	0000569	BEST-ACTRESS	1999
0138097	0001132	BEST-SUPPORTING-ACTRESS	1999
0138097	0661406	BEST-PICTURE	1999
0138097	0317642	BEST-PICTURE	1999
0138097	0005544	BEST-PICTURE	1999
0138097	0001880	BEST-PICTURE	1999
0138097	0635565	BEST-PICTURE	1999
